27.697  -118.695
50.381  -118.399
67.701  -109.781
55.52   -109.666
38.438  -109.569
34.651  -109.379
67.52   -108.253
39.686  -107.849
37.965  -107.729
43.122  -106.633
61.047  -106.513
48.581  -106.378
30.724  -105.706
60.359  -105.633
50.986  -105.625
36.751  -105.378
40.071  -104.691
43.727  -104.197
31.715  -103.939
43.219  -103.493
61.253  -103.296
54.667  -100.772
41.121  -100.672
35.651  -99.706
40.262  -97.71
26.053  -95.529
50.522  -94.706
32.063  -94.592
45.205  -92.401
45.486  -91.831
28.979  -91.448
37.985  -90.541
65.853  -89.951
50.947  -88.425
26.602  -88.128
32.974  -86.553
27.741  -86.296
39.633  -85.9
41.449  -80.752
34.398  -80.196
-29.777 -70.248
-29.258 -70.068
-0.561  -69.651
-12.614 -69.563
-8.693  -68.794
-11.923 -66.699
-19     -66.097
-19.876 -65.204
-0.934  -65.135
-10.008 -64.94
-16.481 -63.381
0.078   -61.164
0.45    -60.853
-13.016 -60.634
-12.327 -60.353
-10.79  -60.134
5.965   -58.715
-16.868 -58.664
-15.455 -55.337
-7.734  -54.095	
