10.118  74.036
23.668  74.967
10.712  75.234
35.78   77.268
21.291  77.528
17.116  80.023
22.182  80.678
24.715  82.756
27.221  84.583
12.101  85.874
36.708  86.912
20.267  87.325
21.189  87.432
11.786  90.207
18.75   90.264
38.814  91.515
12.624  91.933
26.443  92.737
22.89   92.833
39.463  93.044
24.155  93.312
26.416  94.633
26.748  94.862
22.718  98.743
19.169  100.732
15.465  102.904
15.549  103.118
10.997  103.59
29.255  105.098
38.25   105.928
22.124  106.547
37.55   107.207
26.291  108.476
12.308  109.273
34.202  109.42
29.716  109.455
29.731  110.471
20.121  112.51
24.704  113.265
27.389  113.385
16.515  113.976
38.861  114.227
19.993  114.896
12.841  119.033
32.064  119.795
24.966  119.973
13.298  120.16
32.09   121.651
9.416   122.778	
28.469  124.16
16.412  124.898
39.561  125.247
17.518  126.766
34.325  127.349
22.215  128.188
27.293  131.457
12.152  135.215
15.231  137.851
20.986  138.771
17.033  139.698
