-33.548  140.394
-31.914  140.986
-29.631  141.113
-33.232  141.302
-27.186  141.64
-36.58   141.902
-30.758  142.001
-35.717  142.033
-30.801  142.044
-35.446  142.521
-30.216  142.61
-36.738  142.95
-30.945  143.082
-27.03   143.22
-32.62   143.811
-34.229  144.174
-33.041  144.178
-35.857  144.552
-35.88   144.581
-31.437  144.612
-30.7    145.002
-33.638  145.071
-27.044  145.88
-34.701  146.455
-33.746  146.584
-26.237  146.651
-33.365  146.963
-33.174  147.023
-28.577  147.027
-32.58   147.11
-36.071  148.08
-33.253  148.37
-30.4    148.397
-29.802  148.774
-33.611  149.07
-27.075  149.267
-27.898  150.14	
-30.653  150.901
-30.182  151.003
-27.692  151.831
