36.241  28.365
37.859  28.489
24.886  30.069
23.847  31.402
26.826  31.553
37.336  31.662
34.82   31.948
23.192  31.961
32.166  34.684
31.352  35.281
37.963  35.665
27.375  36.275
33.742  37.283
38.715  37.41
37.619  37.412
33.671  38.044
36.458  38.854
33.42   39.671
29.36   40.366
38.573  40.564
35.055  43.473
23.026  44.183
36.681  45.02
33.257  46.158
33.875  46.316
37.679  47.791
39.272  48.703
26.657  50.797
24.361  52.475
34.929  52.541
34.243  53.295
39.888  53.914
32.841  54.358
22.729  54.697
27.506  54.969
27.876  55.942
26.73   56.323	
32.216  56.614
32.717  57.639
28.274  58.928
