58.862   16.194
54.265   16.672
47.795   16.97
45.531   17.882
54.84    18.543
55.208   18.623
44.527   18.886
50.942   19.781
48.444   21.247
55.724   21.292
53.524   21.812
47.285   22.644
54.304   23.054
43.854   23.534
53.184   23.93
45.677   25.128
54.011   25.916
50.542   26.012
59.692   26.148
48.036   27.273
52.056   27.636
44.359   27.664
45.241   27.892
53.064   28.06
46.204   28.138
45.982   28.29
52.244   29.453
47.531   30.613
56.252   30.968
47.931   32.584
47.195   33.001
57.82    35.359
55.639   35.532
54.828   36.149
54.132   36.343
54.987   37.938
54.482   39.686
54.982   40.468
43.49    41.037
49.124   41.962
