47.367 -7.995
41.85 -7.994
57.955 -7.987
42.468 -7.968
47.581 -7.941
43.995 -7.912
59.462 -7.898
52.451 -7.861
56.666 -7.831
45.325 -7.821
54.399 -7.8
49.513 -7.757
55.179 -7.749
53.466 -7.749
40.962 -7.744
48.535 -7.743
40.697 -7.723
63.309 -7.72
63.516 -7.714
54.568 -7.682
48.925 -7.669
64.164 -7.639
65.805 -7.631
48.363 -7.608
57.469 -7.596
38.148 -7.584
50.638 -7.583
59.776 -7.572
66.058 -7.564
41.202 -7.55
42.165 -7.528
47.6 -7.526
50.603 -7.521
43.587 -7.508
60.823 -7.503
61.051 -7.499
52.062 -7.482
54.576 -7.48
62.689 -7.458
57.547 -7.452
63.478 -7.412
48.116 -7.405
59.423 -7.392
64.542 -7.38
39.86 -7.372
53.794 -7.346
42.987 -7.346
52.969 -7.337
61.697 -7.323
40.834 -7.315
53.912 -7.313
37.828 -7.312
43.746 -7.298
46.453 -7.276
58.853 -7.27
45.311 -7.266
63.462 -7.264
44.333 -7.229
55.333 -7.2
57.065 -7.177
48.73 -7.168
56.196 -7.16
45.282 -7.15
58.071 -7.138
43.711 -7.134
43.685 -7.13
46.22 -7.103
53.18 -7.095
64.154 -7.094
45.448 -7.091
54.297 -7.084
64.346 -7.083
66.281 -7.06
40.671 -7.039
39.357 -7.027
52.438 -7.023
44.871 -7.012
48.386 -6.991
66.734 -6.988
48.71 -6.978
53.321 -6.952
43.275 -6.941
47.112 -6.939
52.8 -6.931
52.626 -6.895
63.464 -6.881
43.705 -6.879
48.663 -6.848
39.328 -6.846
60.451 -6.835
47.375 -6.823
50.888 -6.818
66.881 -6.801
66.651 -6.79
42.198 -6.786
40.299 -6.782
53.471 -6.776
44.747 -6.757
63.207 -6.752
38.579 -6.738
49.651 -6.734
49.029 -6.727
51.799 -6.671
54.394 -6.667
58.057 -6.667
53.965 -6.659
52.956 -6.627
57.587 -6.615
62.299 -6.602
66.655 -6.586
65.475 -6.58
62.042 -6.579
49.912 -6.568
54.529 -6.559
45.729 -6.551
42.928 -6.547
63.114 -6.542
63.782 -6.53
53.588 -6.523
60.537 -6.514
38.623 -6.508
52.056 -6.499
61.423 -6.492
59.054 -6.485
57.16 -6.439
62.551 -6.428
56.523 -6.425
63.79 -6.399
51.04 -6.396
46.61 -6.342
39.695 -6.299
48.374 -6.28
61.312 -6.275
56.977 -6.273
48.141 -6.245
45.163 -6.231
45.908 -6.215
50.917 -6.211
63.424 -6.21
58.787 -6.2
59.442 -6.184
51.607 -6.184
37.175 -6.184
40.014 -6.159
60.812 -6.14
43.344 -6.132
49.611 -6.131
46.144 -6.084
43.589 -6.08
63.177 -5.987
46.975 -5.96
62.222 -5.952
64.846 -5.947
52.876 -5.944
55.663 -5.931
45.521 -5.922
60.365 -5.916
38.455 -5.911
60.715 -5.907
54.739 -5.899
64.997 -5.892
37.73 -5.882
45.528 -5.872
51.308 -5.842
47.347 -5.839
42.449 -5.835
48.1 -5.829
43.543 -5.816
54.145 -5.812
58.8 -5.807
58.114 -5.78
41.313 -5.77
62.374 -5.759
44.67 -5.757
65.249 -5.752
59.308 -5.749
47.533 -5.727
46.377 -5.726
63.304 -5.72
51.86 -5.716
52.564 -5.711
58.656 -5.655
51.356 -5.642
61.645 -5.627
42.449 -5.624
48.416 -5.602
52.691 -5.602
46.071 -5.536
63.186 -5.522
59.195 -5.511
60.264 -5.499
66.795 -5.497
64.281 -5.492
64.016 -5.484
59.371 -5.479
57.128 -5.478
42 -5.472
56.35 -5.469
66.509 -5.467
59.508 -5.461
59.316 -5.457
48.106 -5.451
63.573 -5.438
47.473 -5.435
64.344 -5.435
63.599 -5.429
55.296 -5.427
41.506 -5.425
41.622 -5.418
44.432 -5.41
46.962 -5.403
44.618 -5.383
59.218 -5.382
38.854 -5.382
39.82 -5.378
57.571 -5.36
42.102 -5.359
53.316 -5.341
60.342 -5.334
61.187 -5.309
37.746 -5.287
43.435 -5.282
58.3 -5.268
43.646 -5.268
38.394 -5.266
62.486 -5.259
38.058 -5.234
61.439 -5.234
41.577 -5.232
56.306 -5.231
51.869 -5.183
40.221 -5.18
51.866 -5.147
56.388 -5.138
41.021 -5.131
59.126 -5.119
50.696 -5.112
56.024 -5.107
40.099 -5.092
53.031 -5.09
59.745 -5.089
65.498 -5.072
64.737 -5.071
47.719 -5.045
54.283 -5.033
38.719 -5.022
63.759 -5.02
56.417 -5.005
61.354 -4.988
56.632 -4.977
63.483 -4.977
43.635 -4.961
53.625 -4.956
66.871 -4.951
61.308 -4.94
44.336 -4.938
55.612 -4.925
49.798 -4.899
43.018 -4.872
60.899 -4.861
52.438 -4.857
41.647 -4.835
65.075 -4.832
60.51 -4.808
49.284 -4.795
45.97 -4.782
65.832 -4.717
61.555 -4.713
44.234 -4.681
59.758 -4.68
57.248 -4.645
43.368 -4.64
44.317 -4.61
42.44 -4.586
61.067 -4.585
37.423 -4.558
59.172 -4.557
66.059 -4.551
47.877 -4.541
56.038 -4.537
57.533 -4.506
48.429 -4.482
46.977 -4.472
57.338 -4.471
63.933 -4.469
50.514 -4.469
47.867 -4.467
55.431 -4.431
41.731 -4.427
42.015 -4.414
37.954 -4.409
66.219 -4.406
66.737 -4.382
53.412 -4.372
57.194 -4.357
49.842 -4.355
53.71 -4.343
45.224 -4.338
57.16 -4.276
54.634 -4.272
38.392 -4.259
62.946 -4.253
60.678 -4.199
44.696 -4.198
53.683 -4.197
42.939 -4.19
66.121 -4.088
47.964 -4.076
43.428 -4.073
52.785 -4.029
43.047 -4.023
51.175 -4.015
41.452 -4
41.88 -3.986
60.817 -3.98
41.762 -3.973
37.532 -3.968
50.175 -3.963
59.852 -3.922
51.41 -3.905
60.967 -3.904
45.289 -3.866
49.005 -3.856
59.059 -3.85
62.197 -3.836
48.884 -3.835
48.734 -3.8
46.239 -3.794
46.533 -3.793
62.64 -3.791
53.337 -3.785
56.988 -3.775
66.45 -3.752
51.917 -3.75
40.01 -3.749
49.376 -3.729
41.687 -3.697
43.354 -3.695
57.365 -3.676
49.808 -3.67
54.087 -3.669
65.37 -3.656
43.989 -3.581
40.278 -3.579
66.866 -3.575
50.5 -3.57
63.072 -3.569
39.005 -3.562
66.736 -3.561
53.456 -3.544
38.172 -3.523
51.517 -3.52
65.581 -3.517
51.585 -3.468
46.314 -3.463
48.546 -3.45
48.114 -3.448
60.517 -3.419
47.651 -3.402
52.571 -3.392
62.854 -3.388
38.957 -3.386
61.188 -3.368
54.856 -3.359
51.062 -3.358
53.89 -3.341
40.08 -3.34
65.919 -3.296
54.969 -3.295
48.313 -3.285
61.857 -3.269
53.703 -3.207
52.545 -3.197
37.911 -3.187
45.643 -3.118
63.26 -3.118
53.741 -3.109
48.367 -3.102
49.78 -3.08
50.247 -3.076
54.728 -3.072
46.963 -3.066
63.192 -3.049
47.161 -3.026
44.223 -3.025
56.451 -3.013
59.118 -2.997
48.857 -2.995
44.384 -2.959
46.577 -2.943
37.932 -2.941
63.441 -2.928
48.328 -2.923
45.291 -2.922
58.589 -2.917
45.277 -2.913
38.525 -2.896
44.498 -2.885
66.571 -2.866
60.345 -2.863
50.776 -2.858
43.372 -2.852
40.414 -2.851
48.436 -2.85
41.902 -2.85
60.739 -2.85
58.264 -2.828
44.526 -2.827
41.075 -2.826
65.074 -2.818
39.588 -2.813
63.367 -2.791
56.649 -2.782
45.01 -2.762
50.103 -2.745
55.758 -2.744
43.243 -2.728
42.779 -2.706
49.517 -2.706
65.357 -2.701
51.326 -2.694
64.382 -2.673
49.686 -2.65
44.424 -2.643
58.143 -2.641
57.127 -2.634
56.384 -2.626
61.397 -2.583
56.193 -2.583
60.037 -2.541
41.902 -2.523
63.082 -2.516
38.222 -2.505
39.344 -2.492
57.773 -2.482
56.678 -2.48
37.516 -2.471
49.011 -2.465
46.493 -2.447
39.983 -2.435
61.509 -2.405
57.292 -2.393
42.384 -2.373
64.796 -2.358
62.142 -2.355
48.367 -2.351
49.149 -2.342
54.451 -2.342
54.909 -2.335
55.526 -2.325
55.383 -2.316
60.722 -2.292
50.001 -2.262
60.424 -2.256
53.722 -2.248
51.323 -2.246
58.596 -2.215
55.904 -2.206
57.196 -2.203
44.169 -2.195
47.418 -2.156
40.231 -2.15
46.879 -2.146
40.406 -2.146
40.115 -2.139
48.322 -2.133
54.71 -2.127
53.978 -2.126
60.013 -2.111
49.992 -2.11
41.118 -2.109
62.085 -2.105
63.345 -2.069
41.552 -2.023
43.997 -2.016
46.923 -1.995
49.122 -1.995
44.506 -1.985
57.202 -1.983
44.958 -1.982
49.912 -1.978
48.914 -1.971
51.748 -1.966
63.881 -1.959
46.739 -1.945
45.038 -1.928
50.683 -1.906
48.569 -1.897
58.163 -1.892
38.752 -1.887
38.589 -1.885
41.4 -1.866
40.144 -1.862
45.104 -1.86
59.981 -1.826
39.165 -1.787
63.117 -1.775
64.427 -1.765
39.385 -1.762
46.937 -1.751
37.739 -1.747
65.227 -1.745
57.598 -1.743
66.941 -1.727
51.985 -1.726
41.91 -1.719
66.178 -1.7
46.906 -1.693
54.704 -1.669
65.824 -1.656
51.242 -1.643
40.942 -1.618
41.167 -1.607
57.241 -1.597
44.61 -1.591
63.481 -1.59
47.585 -1.577
50.756 -1.571
56.744 -1.568
48.64 -1.545
40.72 -1.535
51.625 -1.525
66.187 -1.49
56.328 -1.456
40.179 -1.439
54.246 -1.433
64.414 -1.432
37.588 -1.415
52.229 -1.406
41.642 -1.406
58.827 -1.396
45.615 -1.389
53.747 -1.361
66.833 -1.354
59.384 -1.348
51.751 -1.343
41.604 -1.32
52.12 -1.315
49.853 -1.315
53.661 -1.309
56.082 -1.299
64.665 -1.276
39.116 -1.275
57.249 -1.267
55.919 -1.263
47.853 -1.249
42.416 -1.248
51.182 -1.248
59.481 -1.247
46.06 -1.239
42.993 -1.235
65.432 -1.214
53.534 -1.212
44.899 -1.209
56.552 -1.198
49.797 -1.183
51.963 -1.171
55.424 -1.156
66.89 -1.123
41.078 -1.11
38.674 -1.108
45.344 -1.105
48.89 -1.091
51.82 -1.087
66.809 -1.08
42.619 -1.048
41.944 -1.044
63.906 -1.025
59.918 -1.01
54.491 -0.998
58.921 -0.996
47.919 -0.985
41.911 -0.985
40.505 -0.97
42.864 -0.933
57.269 -0.924
53.87 -0.923
57.073 -0.916
44.811 -0.913
65.553 -0.908
66.54 -0.903
53.564 -0.893
66.601 -0.873
60.208 -0.858
65.037 -0.832
46.626 -0.83
45.404 -0.793
39.933 -0.792
54.639 -0.776
55.276 -0.772
41.028 -0.758
63.905 -0.728
43.775 -0.716
61.645 -0.712
61.887 -0.71
48.408 -0.709
46.447 -0.691
40.282 -0.686
47.154 -0.639
63.203 -0.638
51.533 -0.62
58.331 -0.582
49.817 -0.581
43.497 -0.58
65.016 -0.564
49.755 -0.555
41.703 -0.553
51.241 -0.549
38.624 -0.541
53.073 -0.533
44.368 -0.533
43.419 -0.5
43.176 -0.492
59.44 -0.482
61.505 -0.476
62.758 -0.469
51.031 -0.436
43.158 -0.434
56.829 -0.426
40.691 -0.421
52.198 -0.402
49.203 -0.375
39.175 -0.353
56.214 -0.348
43.458 -0.343
49.164 -0.339
53.95 -0.329
48.644 -0.32
37.587 -0.311
45.029 -0.303
50.316 -0.297
61.903 -0.291
40.721 -0.284
55.09 -0.257
42.136 -0.247
51.189 -0.169
53.689 -0.168
56.699 -0.161
62.859 -0.147
49.638 -0.118
60.915 -0.078
55.11 -0.073
61.162 -0.052
64.574 -0.013
43.375 -0.001
63.807 0.002
45.857 0.011
47.853 0.011
63.962 0.016
65.534 0.048
58.193 0.052
58.832 0.053
51.814 0.07
56.812 0.111
40.115 0.14
65.159 0.151
39.872 0.152
66.756 0.158
64.906 0.161
56.191 0.186
50.706 0.188
56.674 0.19
38.597 0.209
46.768 0.248
49.453 0.258
55.601 0.265
44.298 0.278
57.252 0.3
52.003 0.308
57.066 0.323
51.44 0.328
59.694 0.329
48.133 0.349
60.835 0.352
42.96 0.357
47.963 0.366
50.29 0.4
43.987 0.407
62.458 0.409
54.365 0.416
59.279 0.423
38.403 0.447
58.01 0.448
65.427 0.523
58.754 0.57
65.362 0.575
46.797 0.591
48.083 0.611
39.225 0.674
58.473 0.724
42.694 0.729
59.064 0.737
62.937 0.743
52.791 0.801
62.383 0.816
45.735 0.821
42.914 0.822
56.607 0.833
62.262 0.833
55.632 0.834
41.66 0.837
39.587 0.847
53.088 0.847
54.237 0.874
46.468 0.901
62.824 0.904
40.336 0.91
60.985 0.938
39.699 0.95
61.727 0.971
50.35 0.973
59.294 0.977
47.452 0.997
63.769 1.011
37.912 1.013
44.31 1.015
58.486 1.016
50.77 1.025
37.638 1.042
57.507 1.061
55.613 1.077
58.095 1.077
48.715 1.097
50.326 1.121
39.1 1.128
45.216 1.16
49.412 1.185
60.683 1.205
40.945 1.216
61.292 1.216
58.64 1.238
63.974 1.257
58.489 1.273
59.888 1.276
49.997 1.294
58.071 1.296
65.289 1.3
48.83 1.307
48.65 1.316
47.742 1.318
48.56 1.322
64.862 1.336
37.808 1.338
43.601 1.344
43.936 1.345
65.617 1.351
42.141 1.397
59.928 1.399
43.209 1.4
56.333 1.414
45.771 1.431
52.117 1.437
59.953 1.439
37.872 1.441
53.119 1.477
62.696 1.524
58.827 1.531
64.211 1.544
40.285 1.552
39.413 1.558
59.551 1.565
41.273 1.604
54.79 1.612
55.953 1.63
63.483 1.636
59.002 1.639
46.746 1.644
43.253 1.652
40.934 1.659
56.879 1.666
61.414 1.687
45.326 1.692
61.602 1.696
49.13 1.708
45.743 1.722
50.034 1.73
50.025 1.733
44.287 1.734
43.149 1.793
37.57 1.803
63.186 1.842
49.992 1.851
55.482 1.86
44.863 1.871
47.612 1.876
54.293 1.878
62.891 1.888
63.26 1.895
44.747 1.895
54.807 1.918
59.957 1.933
39.166 1.97
40.282 1.975
48.76 1.977
56.387 2.001
49.38 2.032
45.733 2.052
62.648 2.062
39.028 2.063
46.789 2.066
56.18 2.078
54.417 2.099
44.033 2.1
50.483 2.204
50.799 2.222
48.999 2.248
47.495 2.267
54.071 2.271
49.201 2.275
45.575 2.282
66.952 2.282
46.935 2.294
51.562 2.324
40.222 2.333
63.121 2.336
63.129 2.35
46.021 2.353
51.2 2.388
55.804 2.437
59.65 2.445
44.35 2.446
42.421 2.458
66.515 2.463
52.754 2.474
45.812 2.509
54.254 2.512
48.725 2.518
51.004 2.552
44.518 2.572
37.443 2.584
43.054 2.603
66.848 2.612
54.247 2.633
58.96 2.633
58.006 2.633
44.043 2.637
45.758 2.654
53.133 2.664
55.009 2.709
53.061 2.71
64.714 2.712
66.424 2.717
55.382 2.718
41.87 2.718
58.73 2.722
61.488 2.737
55.239 2.777
41.694 2.783
61.511 2.785
53.826 2.787
41.312 2.797
57.245 2.8
46.597 2.801
60.911 2.804
46.174 2.806
42.248 2.814
65.321 2.82
52.431 2.835
45.163 2.841
58.265 2.867
50.269 2.875
42.94 2.918
54.719 2.925
37.457 2.939
61.917 2.95
52.673 2.966
49.452 2.966
37.611 2.977
56.234 2.982
55.021 2.986
41.523 3.005
40.41 3.022
45.645 3.024
44.495 3.038
44.153 3.06
63.018 3.1
61.745 3.117
44.963 3.147
64.774 3.153
37.562 3.192
49.836 3.199
41.525 3.212
47.683 3.218
45.334 3.248
56.892 3.255
42.14 3.274
65.051 3.291
52.466 3.297
55.148 3.301
57.991 3.317
37.115 3.325
59.656 3.327
38.153 3.329
65.55 3.334
39.7 3.354
38.546 3.356
48.002 3.372
43.615 3.375
53.058 3.377
59.528 3.377
52.083 3.377
47.861 3.416
37.684 3.424
38.029 3.434
66.877 3.436
43.555 3.444
56.065 3.447
61.264 3.448
59.418 3.45
42.825 3.47
66.314 3.478
64.04 3.51
58.454 3.541
44.549 3.543
37.258 3.549
50.522 3.563
46.398 3.582
54.678 3.59
40.539 3.602
54.841 3.626
39.729 3.63
44.482 3.636
40.085 3.651
51.688 3.671
37.917 3.671
39.594 3.675
39.644 3.69
42.648 3.699
38.868 3.788
64.589 3.802
63.687 3.83
61.22 3.843
66.204 3.867
37.563 3.871
48.908 3.875
44.306 3.88
38.667 3.889
45.665 3.895
42.668 3.914
41.924 3.914
59.668 3.929
41.636 3.943
58.077 3.954
38.765 3.968
37.058 3.968
57.459 4.007
46.044 4.016
60.343 4.025
54.98 4.029
58.342 4.03
53.61 4.049
45.46 4.063
59.516 4.065
47.855 4.069
43.791 4.078
64.094 4.092
52.346 4.094
58.087 4.107
64.532 4.152
58.827 4.155
51.201 4.163
63.788 4.169
49.744 4.193
43.59 4.199
43.576 4.202
52.555 4.214
42.29 4.214
53.812 4.224
43.153 4.225
38.437 4.229
62.993 4.229
49.745 4.231
54.932 4.233
44.668 4.248
38.497 4.267
66.354 4.274
43.408 4.276
37.206 4.315
55.94 4.337
46.863 4.348
37.922 4.369
60.451 4.376
38.035 4.381
45.052 4.406
47.015 4.407
63.674 4.425
51.067 4.427
37.312 4.431
55.542 4.439
61.028 4.459
56.648 4.495
42.005 4.502
46.75 4.54
38.455 4.569
59.349 4.587
62.296 4.589
48.309 4.591
44.62 4.601
51.185 4.617
39.913 4.628
58.591 4.646
43.697 4.649
49.483 4.663
49.463 4.676
62.579 4.689
59.844 4.692
62.908 4.701
54.037 4.728
50.231 4.729
56.98 4.768
50.301 4.776
55.643 4.778
50.684 4.802
45.282 4.813
60.063 4.824
59.886 4.825
52.868 4.845
40.989 4.864
58.191 4.873
50.289 4.879
59.425 4.913
54.064 4.917
49.62 4.926
63.216 4.937
56.76 4.946
63.056 4.95
55.322 4.959
54.143 4.96
58.696 4.962
52.844 4.97
41.562 4.972
41.162 4.973
51.904 4.977
54.4 5
66.964 5.032
63.925 5.046
41.163 5.053
48.181 5.066
45.992 5.075
66.853 5.08
65.941 5.081
50.454 5.085
43.998 5.091
51.272 5.101
56.036 5.101
55.389 5.106
41.411 5.107
41.744 5.108
42.977 5.109
50.188 5.123
44.921 5.127
53.737 5.141
41.137 5.143
41.269 5.159
60.656 5.166
51.962 5.172
51.025 5.174
37.004 5.18
37.847 5.2
62.363 5.252
54.37 5.265
37.906 5.266
50.619 5.323
44.087 5.337
54.054 5.352
40.914 5.418
49.16 5.421
51.155 5.423
63.705 5.423
57.871 5.425
41.02 5.428
62.411 5.464
52.22 5.483
42.686 5.487
38.388 5.495
52.826 5.506
39.309 5.51
63.235 5.511
56.848 5.526
63.477 5.534
37.572 5.54
43.753 5.54
45.532 5.562
49.298 5.567
57.571 5.569
50.933 5.614
38.696 5.629
37.863 5.64
43.75 5.643
54.806 5.652
60.13 5.679
62.377 5.708
38.982 5.745
66.716 5.748
43.054 5.75
38.328 5.765
66.909 5.773
64.577 5.807
39.168 5.811
52.828 5.822
38.806 5.823
61.835 5.844
37.627 5.846
49.707 5.856
57.193 5.867
46.137 5.872
44.1 5.875
53.371 5.879
45.09 5.888
63.454 5.896
48.516 5.907
44.995 5.926
56.682 5.926
39.477 5.928
62.375 5.936
37.401 5.94
48.259 5.941
52.131 5.941
62.429 5.946
62.633 5.967
54.798 5.968
42.004 5.988
64.446 6.039
49.567 6.047
39.654 6.065
63.019 6.067
49.485 6.079
52.626 6.105
47.764 6.108
53.065 6.115
54.313 6.182
42.632 6.188
50.717 6.203
47.567 6.207
49.282 6.21
55.9 6.213
47.357 6.214
63.695 6.22
66.661 6.221
37.663 6.245
56.166 6.264
62.857 6.265
38.852 6.302
60.169 6.331
45.652 6.333
54.039 6.337
66.761 6.344
66.754 6.358
56.01 6.362
40.654 6.37
45.13 6.375
43.073 6.391
43.256 6.401
64.336 6.407
50.876 6.429
43.76 6.43
50.135 6.43
50.086 6.434
50.305 6.458
60.031 6.496
45.371 6.54
45.034 6.557
58.887 6.562
56.316 6.564
53.077 6.571
63.563 6.576
58.494 6.593
56.37 6.602
60.602 6.603
52.852 6.62
61.963 6.622
45.668 6.622
42.58 6.626
44.071 6.627
56.389 6.629
47.721 6.639
43.655 6.639
65.189 6.673
47.909 6.679
59.275 6.688
40.197 6.697
50.283 6.717
56.221 6.723
46.807 6.728
41.981 6.732
37.18 6.762
65.251 6.763
60.481 6.773
52.566 6.786
38.966 6.806
40.462 6.811
40.664 6.814
57.145 6.814
57.924 6.826
42.838 6.849
55.505 6.866
39.443 6.869
58.067 6.874
43.099 6.903
65.652 6.904
60.709 6.905
40.038 6.918
62.399 6.938
65.936 6.997
38.037 7
59.019 7.002
46.713 7.008
39.274 7.021
63.037 7.024
44.168 7.039
44.189 7.062
44.48 7.091
37.591 7.129
43.12 7.144
62.428 7.145
64.607 7.167
39.282 7.18
56.23 7.19
39.504 7.194
66.494 7.206
64.316 7.207
53.994 7.24
42.176 7.241
43.865 7.254
38.436 7.263
40.906 7.264
59.398 7.267
59.678 7.277
42.003 7.288
50.505 7.326
45.164 7.334
46.223 7.343
61.96 7.355
38.066 7.368
45.34 7.378
37.793 7.393
45.588 7.393
37.467 7.4
50.601 7.403
37.279 7.415
65.137 7.427
48.224 7.429
48.515 7.431
63.535 7.439
53.817 7.46
62.753 7.46
56.439 7.461
40.236 7.465
41.137 7.49
45.879 7.491
56.867 7.495
66.731 7.519
59.947 7.536
52.294 7.557
55.124 7.56
53.402 7.57
51.413 7.571
38.728 7.572
43.811 7.591
41.245 7.599
37.633 7.6
54.937 7.602
37.192 7.611
53.186 7.64
45.839 7.64
57.94 7.643
58.977 7.678
48.843 7.692
48.373 7.694
66.813 7.702
41.032 7.707
54.179 7.729
51.974 7.758
47.888 7.759
44.468 7.779
57.223 7.779
59.334 7.789
59.129 7.79
60.757 7.801
54.101 7.841
46.79 7.845
40.206 7.849
43.259 7.885
49.554 7.892
46.462 7.895
65.163 7.902
65.261 7.925
57.126 7.93
40.598 7.931
40.422 7.955
37.416 7.97
43.228 8
53.733 8.013
57.544 8.024
42.435 8.025
56.862 8.045
52.035 8.054
37.426 8.058
39.782 8.058
55.179 8.06
40.882 8.078
51.181 8.079
46.51 8.079
59.76 8.084
39.785 8.096
53.057 8.115
61.215 8.124
43.975 8.141
37.17 8.146
48.218 8.16
61.315 8.179
45.133 8.181
52.465 8.195
45.045 8.197
40.595 8.206
61.179 8.207
61.475 8.211
53.321 8.225
43.419 8.259
61.275 8.26
43.406 8.269
40.608 8.296
41.258 8.303
49.116 8.313
57.336 8.319
43.626 8.321
42.113 8.333
55.687 8.34
53.075 8.345
66.676 8.352
55.129 8.352
41.299 8.369
49.099 8.379
44.68 8.385
48.006 8.414
41.099 8.44
52.055 8.441
45.012 8.464
59.283 8.476
66.38 8.479
43.134 8.479
61.925 8.49
52.841 8.492
61.191 8.502
47.203 8.515
53.516 8.528
65.437 8.534
40.607 8.542
59.655 8.556
63.019 8.559
44.421 8.562
43.999 8.569
44.307 8.582
47.743 8.595
65.986 8.653
48.717 8.713
56.884 8.714
63.939 8.728
64.929 8.732
49.908 8.736
52.954 8.766
66.086 8.773
56.307 8.79
52.905 8.794
54.678 8.801
46.964 8.803
54.82 8.86
62.588 8.863
66.953 8.874
65.765 8.883
47.229 8.906
42.69 8.927
62.846 8.935
63.321 8.938
64.878 8.942
61.903 8.983
60.869 8.996
58.86 8.998
38.334 9.07
60.519 9.102
39.599 9.136
43.048 9.141
48.111 9.147
44.467 9.149
56.599 9.154
51.044 9.156
59.223 9.168
44.815 9.227
51.904 9.232
47.941 9.254
54.198 9.257
52.561 9.279
38.313 9.279
62.664 9.297
62.554 9.327
48.073 9.337
51.149 9.349
39.375 9.357
61.376 9.372
40.587 9.373
64.13 9.378
50.968 9.387
40.2 9.396
46.715 9.401
57.623 9.403
49.696 9.407
52.977 9.416
53.87 9.464
59.342 9.472
50.752 9.517
63.203 9.517
49.744 9.538
65.544 9.541
65.479 9.541
49.116 9.549
65.803 9.56
48.339 9.573
43.218 9.593
47.454 9.593
43.779 9.618
42.077 9.62
45.75 9.624
45.515 9.631
61.207 9.642
51.906 9.663
59.681 9.671
62.026 9.672
54.763 9.703
46.985 9.731
49.673 9.74
65.255 9.747
57.107 9.77
44.892 9.777
46.834 9.792
42.159 9.801
41.278 9.841
54.819 9.843
42.77 9.877
58.549 9.903
58.669 9.942
59.267 9.974
44.653 9.977
44.338 10.007
41.005 10.008
61.109 10.034
57.255 10.04
50.712 10.048
65.583 10.061
44.674 10.08
64.589 10.086
38.901 10.089
47.713 10.098
43.642 10.133
43.468 10.146
53.799 10.16
54.269 10.161
54.08 10.176
45.878 10.185
46.327 10.215
41.793 10.219
42.316 10.22
51.215 10.225
61.209 10.287
43.019 10.289
63.594 10.295
39.805 10.296
64.491 10.297
57.65 10.307
49.101 10.31
38.726 10.321
50.962 10.343
39.533 10.353
49.867 10.368
41.454 10.374
40.901 10.377
44.071 10.381
53.315 10.397
46.342 10.401
66.858 10.41
63.8 10.435
42.125 10.445
48.9 10.446
44.205 10.459
49.619 10.467
62.018 10.472
40.614 10.502
52.906 10.514
51.81 10.517
54.135 10.525
54.321 10.527
64.59 10.528
49.96 10.539
46.786 10.555
46.675 10.557
59.595 10.64
61.821 10.653
46.18 10.664
45.698 10.677
42.794 10.681
58.997 10.685
49.128 10.687
38.243 10.688
42.121 10.693
51.217 10.7
51.545 10.711
66.08 10.742
61.626 10.753
60.2 10.774
43.87 10.816
65.094 10.833
49.128 10.862
41.385 10.874
62.943 10.895
61.408 10.896
57.063 10.899
65.887 10.901
61.858 10.905
58.995 10.913
59.222 10.916
39.595 10.932
55.113 10.937
51.946 10.943
39.474 10.944
43.52 10.954
59.72 10.963
55.605 10.974
53.552 11.001
50.128 11.019
66.279 11.022
51.085 11.031
41.674 11.038
58.541 11.049
57.548 11.086
60.814 11.087
59.964 11.1
43.833 11.106
62.929 11.129
60.041 11.129
62.712 11.146
57.273 11.156
63.871 11.167
39.378 11.177
58.398 11.186
49.388 11.193
56.944 11.197
53.036 11.216
64.848 11.218
61.141 11.237
39.585 11.252
44.627 11.282
38.283 11.283
56.774 11.284
52.984 11.296
48.002 11.297
63.889 11.303
44.677 11.303
49.603 11.304
51.486 11.319
53.735 11.319
44.403 11.321
65.844 11.325
51.841 11.342
48.484 11.346
46.319 11.351
56.624 11.357
45.608 11.387
45.92 11.406
66.456 11.417
66.109 11.417
38.066 11.425
41.571 11.439
55.643 11.441
64.054 11.442
49.523 11.449
57.818 11.491
54.901 11.491
53.552 11.498
53.02 11.504
44.14 11.552
57.702 11.562
48.775 11.568
51.095 11.569
60.093 11.577
42.215 11.597
43.326 11.619
50.682 11.628
40.628 11.632
45.721 11.648
38.183 11.662
50.081 11.664
40.094 11.666
65.242 11.67
57.417 11.674
66.399 11.682
40.651 11.692
64.526 11.707
59.295 11.716
59.806 11.724
66.788 11.767
39.155 11.774
66.918 11.788
48.073 11.799
66.553 11.804
55.757 11.813
44.935 11.815
58.724 11.83
47.611 11.855
56.553 11.86
62.564 11.865
53.001 11.874
62.145 11.908
40.343 11.962
38.492 11.962
46.346 11.97
63.233 11.977
47.746 11.983
59.685 12.003
54.782 12.015
58.149 12.056
47.975 12.075
40.196 12.09
57.615 12.13
54.631 12.137
61.926 12.185
43.232 12.189
66.821 12.195
56.5 12.204
40.086 12.217
47.72 12.228
54.768 12.234
54.176 12.248
53.355 12.259
58.015 12.27
56.283 12.338
53.543 12.359
37.912 12.399
55.049 12.407
60.43 12.408
49.631 12.427
47.234 12.432
38.297 12.444
52.248 12.458
64.776 12.465
37.679 12.514
63.652 12.517
57.45 12.518
39.282 12.527
58.9 12.538
59.283 12.564
43.094 12.571
62.334 12.575
44.433 12.576
49.036 12.578
64.998 12.591
66.586 12.599
44.092 12.62
47.872 12.631
61.151 12.638
56.342 12.671
38.072 12.683
49.033 12.695
48.682 12.731
63.871 12.743
43.766 12.745
66.096 12.754
50.798 12.769
58.744 12.776
60.151 12.806
41.384 12.844
55.451 12.852
40.046 12.882
60.36 12.928
61.158 12.939
64.448 12.947
40.244 12.949
54.896 12.95
50.286 12.99
65.696 12.994
52.069 13.006
63.351 13.007
45.762 13.015
46.466 13.017
59.989 13.036
47.569 13.041
62.716 13.058
52.951 13.07
51.767 13.107
41.185 13.122
57.777 13.15
44.578 13.164
40.092 13.193
58.711 13.211
55.362 13.217
56.379 13.217
62.279 13.218
50.675 13.24
50.884 13.243
60.34 13.251
37.022 13.255
44.375 13.256
38.594 13.259
62.72 13.26
45.11 13.272
60.351 13.292
45.333 13.294
60.01 13.323
37.788 13.333
44.089 13.348
59.402 13.358
49.718 13.386
62.04 13.388
52.689 13.39
52.49 13.426
52.68 13.431
49.492 13.443
38.979 13.455
54.734 13.469
37.575 13.516
41.839 13.527
54.249 13.57
46.365 13.591
52.603 13.607
59.244 13.619
43.896 13.641
63.489 13.643
61.576 13.644
37.072 13.736
52.607 13.743
61.428 13.759
53.736 13.768
63.708 13.772
65.75 13.78
46.342 13.795
59.925 13.803
64.305 13.805
52.866 13.817
50.863 13.819
66.406 13.842
46.792 13.866
64.688 13.875
58.017 13.89
40.4 13.922
64.677 13.939
51.376 13.943
53.232 13.953
66.367 13.957
52.602 13.962
54.561 13.971
